0,40,28,20,20,16,16,24,4,0,12
40,0,0,0,0,0,0,0,0,0,0
28,0,0,32,12,24,20,32,8,16,24
20,0,32,0,36,28,4,8,0,0,0
20,0,12,36,0,32,4,8,0,0,0
16,0,24,28,32,0,8,4,8,16,24
16,0,20,4,4,8,0,40,4,36,0
24,0,32,8,8,4,40,0,0,20,0
4,0,8,0,0,8,4,0,0,32,0
0,0,16,0,0,16,36,20,32,0,32
12,0,24,0,0,24,0,0,0,32,0
