0,30,21,15,15,12,12,18,3,0,9
30,0,0,0,0,0,0,0,0,0,0
21,0,0,24,9,18,15,24,6,12,18
15,0,24,0,27,21,3,6,0,0,0
15,0,9,27,0,24,3,6,0,0,0
12,0,18,21,24,0,6,3,6,12,18
12,0,15,3,3,6,0,30,3,27,0
18,0,24,6,6,3,30,0,0,15,0
3,0,6,0,0,6,3,0,0,24,0
0,0,12,0,0,12,27,15,24,0,24
9,0,18,0,0,18,0,0,0,24,0
