0,70,49,35,35,28,28,42,7,0,21
70,0,0,0,0,0,0,0,0,0,0
49,0,0,56,21,42,35,56,14,28,42
35,0,56,0,63,49,7,14,0,0,0
35,0,21,63,0,56,7,14,0,0,0
28,0,42,49,56,0,14,7,14,28,42
28,0,35,7,7,14,0,70,7,63,0
42,0,56,14,14,7,70,0,0,35,0
7,0,14,0,0,14,7,0,0,56,0
0,0,28,0,0,28,63,35,56,0,56
21,0,42,0,0,42,0,0,0,56,0
