0,60,42,30,30,24,24,36,6,0,18
60,0,0,0,0,0,0,0,0,0,0
42,0,0,48,18,36,30,48,12,24,36
30,0,48,0,54,42,6,12,0,0,0
30,0,18,54,0,48,6,12,0,0,0
24,0,36,42,48,0,12,6,12,24,36
24,0,30,6,6,12,0,60,6,54,0
36,0,48,12,12,6,60,0,0,30,0
6,0,12,0,0,12,6,0,0,48,0
0,0,24,0,0,24,54,30,48,0,48
18,0,36,0,0,36,0,0,0,48,0
