0,90,63,45,45,36,36,54,9,0,27
90,0,0,0,0,0,0,0,0,0,0
63,0,0,72,27,54,45,72,18,36,54
45,0,72,0,81,63,9,18,0,0,0
45,0,27,81,0,72,9,18,0,0,0
36,0,54,63,72,0,18,9,18,36,54
36,0,45,9,9,18,0,90,9,81,0
54,0,72,18,18,9,90,0,0,45,0
9,0,18,0,0,18,9,0,0,72,0
0,0,36,0,0,36,81,45,72,0,72
27,0,54,0,0,54,0,0,0,72,0
