0,20,14,10,10,8,8,12,2,0,6
20,0,0,0,0,0,0,0,0,0,0
14,0,0,16,6,12,10,16,4,8,12
10,0,16,0,18,14,2,4,0,0,0
10,0,6,18,0,16,2,4,0,0,0
8,0,12,14,16,0,4,2,4,8,12
8,0,10,2,2,4,0,20,2,18,0
12,0,16,4,4,2,20,0,0,10,0
2,0,4,0,0,4,2,0,0,16,0
0,0,8,0,0,8,18,10,16,0,16
6,0,12,0,0,12,0,0,0,16,0
