training_time: 0.005513
eval_time: 13.987698
training_loss: 0.6900284290313721
hr: 1.0
ndcg: 0.9369395134349084
